background

1
0
1
1
2
1
1
2
1
1
1
1
1
2
0
2
0
0
1
2
1
1
1
1
1
1
1
1


6.03
Red
312
310
311
311
310
310
310
310
310
310
309
310
310
310
310
311
310
311
311
311
311
311
311
310
311
310
313
311
310
311
310
311
310
311
311
310
311

Green
616
624
615
619
624
614
623
616
617
619
617
624
615
625
617
617
624
616
624
617
616
621
617
624
619
623
614
620
625
616
625
615
622
615
609
623
613
624
617
606
612

Blue
165
167
165
165
166
165
167
164
165
164
164
166
163
166
165
166
166
164
166
166
166
166
164
167
163
167
164
164
165
162

Red
288
288
288
288
288
287
287
287
287
287
287
287
287
288
288
288
287
288
287
288
288
287
289
287
288
288
288
288
289
289
287
289
288
288
287
287
288
288
288
288
287
289
287
287
288

Green
598
603
599
600
603
597
603
597
595
597
595
603
595
604
599
596
603
596
603
596

Blue
155
158
155
158
155
155
158
154
158
156
155
157
155
158
155
158
154
155
158
154
158
154
156
152
156
157
157
157
156
157
158

Red
319
319
319
319
319
320
320
319
318
320
319
320
319
319
320
318
320
319
318
319
319
319
318
320
319
318
319
318
318
318
319
319
319
318
318

Green
626
629
633
626
632
630
629
628
622
633
625
633
626
623
632
624

Blue
175
177
175
176
174
175
176
175
176
174
175
174
174
175
174
176
174
175
176
173
176
174
177
173
173
176
173
176
172
175
175
169
176
173
176
174
175
177
175
177
176
174
174
174
177
176
176
174
174
176
175
177
174
176

7.7 (new)
Green
454
447
452
454
448
454
448
445
445
438
454
449
454
448
450
454
448

Blue
122
123
120
121
123
122
123
122
123
122
122
123
122
124
122
121
121
122
122
121
124
121
121
124
122
123

Red
322
321
321
320
321
321
321
322
321
321
320
320
321
320
321
320
321
322
320
320
320
321
320
320
321
320
321
320
321
320

6.0 (new)
Red
317
317
318
316
316
316
317
316
316
316
315
315
316
316
317
317
315
316
316
316
316
316
315
316
316
315
316
315
315
316
316
317
315
317
315
316
317
315
315
316
317
316
316
317
316

Green
708
699
707
694
694
703
695
707
698
707
698
700
707
704
706
704
696
708
697
706
703
703
697
698
708
701
708
698
698

Blue
132
130
133
129
130
132
129
132
130
131
129
127
132
129
132
130
129
131
129
131
130
131
131
129
132
131
132
130
131
131
130
131
130
130
129
129
132
130
132
129
130
132
130
131
131
130
132
131
132
131
131
132
131
132
131

6.0 (again)
Red
310
310
310
311
310
311
310
311
309
310
310
311
310
310
310
309
311
310
311
312
311
312
310
310
310
311
310
310

Green
705
702
705
694
701
699
700
705
694
703
701
695
691
694
705
695
705
693
695
705
695
704
696
706
694
693
705
692
706
699

Blue
124
124
125
124
124
125
124
125
123
123
124
123
125
123
125
123
124
124
124
125
123
123
122
123
125
123
125
123
122
125
124
125
124
123
123
124
125

6.0 Third
Red
318
317
318
317
318
318
318
317
317
316
318
317
317
317
318
318
317
317
317
317
317
318
318
317
318
316
317
317
318
317
317

Green
697
702
696
696
693
700
705
697
704
698
700
703
691
703
696
700
696
697
705
693
704
690
694
703
692
703
693
696
698
700
704
693
703
699
701
704
693
704
697
697
692
690
704
696
704
695
693
704
677
703
693
693
692
694
703
697
704

Blue
123
122
123
122
120
123
120
122
118
120
122
121
122
121
123
121
121
123
121
123
122
121
121
122
123
123
123
123
121
121
122
123
121
121
122
122

6.27
Red
315
316
316
315
316
316
316
316
316
316
316
316
316
316
316
317
317
317
316
315
317
316
316
317
317
316
317
316
317
318
319
318
317
317
317
318
317
317
317
316
316
316
315
316
316

Green
564
562
568
565
564
564
567
569
564
568
561
565
569
566
569
561
566
567
566
565
561
567
566
568
564
559
567
562
562
561
562
566
564
568
561
561
566
562
568
564
562
564
567
568
559
563
565
568
563

Blue
105
105
105
105
105
104
105
105
105
104
105
103
105
104
106
106
105
106
105
105
106
106
107
107
106
107
105
106
106
106
106
106
106
105
105
103
104
106

6.27 Second
Red
315
315
315
315
315
315
315
315
315
315
315
314
313
314
314
314
314
314
315
315
314
314
316
316
314
315
315
315
316
315
316
316
316
317
316
315
316
316
315
315
317
315
315
315
315
316
316
315
315
316

Green
567
571
569
571
569
572
572
569
570
566
569
573
569
570
565
569
570
571
569
565
568
570
572
569
565
568
576
576
571
571
570
573
573
567
569
574
572
574
567
570
577
572
573
567
575
574
573
569
566
569
565
573
570
566
570
566
572
570
571
569
566
575
570
570
570
571
572
565
568
566

Blue
124
124
121
123
123
123
123
124
124
122
124
121
122
121
120
122
121
122
122
121
122
121
123
122
122
121
122
122
122
122
123
122
124
122
121
122
123
123
122
123
122
122
123
123
122
122
123
123
122
123
123
125
124
124
123

6.49
Red
300
301
301
301
300
301
302
301
301
301
301
302
301
301
302
301
300
301
301
301
302
302
303
302
302
302
302
302
302
302
301
301
301
301
301
301
301
301
301
301
301
300
301
300
300
301
300

Green
584
584
577
585
577
580
583
581
579
575
580
580
585
579
578
585
580
583
580
581
579
581
581
582
585
585
582
588
581
587
587
588
585
587
584
579
583
582
580
581
580
585
578
581
580
585
582
578
583
583
587
583
578
582
578
582
584
578
583

Blue
111
113
110
111
111
112
114
111
113
111
113
113
111
112
111
113
112
114
113
112
114
114
113
114
113
114
112
114
113
113
113
112
112
112
113
113
113
113
112
111
112
112
112
112
113
112
112
113
111
112
112
112
113
111

6.49 Second
Red
313
314
315
315
314
315
315
315
315
313
314
314
314
315
313
313
313
312
314
313
314
314
313
313
312
313
312
313
312
313
313
313
313
312
313
313
313
313
312
313
312
312
313
312
313
312
312
313
311
311
311
312
310
311
312
312
312
311
312
311
312
312
312
312
312
312
313
313
312
313
313
312
312
312
313
312
313
313
312
313
313
313
312
312
312
312
313
312
313
313

Green
613
614
617
618
614
619
610
618
611
613
612
617
616
615
617
607
612
616
611
614
611
617
612
612
611
612
617
612
615
611
612
618
610
614
608
610
613
612
611
607
610
614
614
617
612
614
613
615
614
607
615
617
619
619
610
615
611
615
608
611
611
612
612
609
612
614
615
612
607
611
609
613
611
609
610
608
616
618

Blue
124
125
124
125
124
126
125
125
125
123
124
126
126
127
126
126
126
127
128
127
128
126
126
125
127
126
125
125
124
125
126
126
126
125
126
125
127
127
125
126
125
127
125
125
127
126
126
124
126
125
125
126
124
125
124
123
124
123
126
125
125
126
125
125
124
123

6.03 (9 drops)
Red
320
320
321
321
322
322
322
322
322
322
320
322
320
321
322
320
320
320
320
320
321
320
320
319
319
320
320
319
319
320
319
321
319
320
319
320
319
320
319
319
319
319
319
319
318
320
318
319
318
317
317
317
318
318
318
318
318
318
318
318
318
318
318
318
318
319
318
319
319
319
319
319

Green
754
760
759
753
758
754
758
758
758
758
757
759
756
758
758
753
756
756
759
754
757
758
752
758
752
759
757
763
761
750
757
754
755
751
748
749
754
759
748
754
753
753
751
746
752
752
757
754
754
758
748
756
753
746
753
750
756
756
753

Blue
265
265
266
268
264
266
263
265
268
267
265
262
265
266
265
265
262
265
264
264
263
265
264
265
264
262
264
265
267
266
266
264
263
266
264
263
264
263
265
263
263
263
263
267
263
265
265
264
266
262
264
265
267
267
265
267
263
268
267
265
265
264
269
266
266
268
263
269
264
265
269
267
268
266
265
266
266
267
265
266
263
266
267
266
268
266
267
266

268
268
265
267
266
271
267
266
267
265
266
263
264
265
266
267
263
264
265
265
265

15 drops
Red
296
298
298
298
298
297
298
298
297
298
297
297
298
296
296
297
297
296
298
297
297
296
296
296
296
297
297
296
296
296
295
297
297
296
296
297
296
297
297
297
296
296
296
297
298
296
296
294
296
296
295
296
295
297
295
295
296
296
297
295
295
297
295
296
295

Green
566
567
565
568
570
569
569
565
570
571
573
570
572
569
568
571
570
568
569
574
570
566
572
570
570
574
569
577
574
573
570
571
569
569
572
570
566
570
570
574
582
581
578
575
581
577
580
581
581
578
580
583
577
578
577
571
574
576
581
577
571
575
571
579
577
576
577
571
579
576
575
575
578
580
572
574
570
580
581
574
579
573
578
579
579
575
571
578
575

Blue
68
68
68
69
68
68
68
68
70
70
69
70
70
69
69
68
69
69
69
69
69
69
70
71
69
68
70
68
69
68
68
68
69
68
67
68
68
69
69
67
69
68
69
68
68
69
68
69
67
68
68
68

END