20 mL samples, 6 drops phenol red

Background
1
0
1
1
1
0
0
1
1
0
1
1
0
1
1
0
0
0
1
0
1
1
0
1
1
0
0
0
1
0
0
1
0
1
0
1
1
0
0
1
0
1
0
1
0
1
1
1
0
0
1
0
1
0
1
0
1
1
1
1
1
0
0
1
1
0
1
2
1
0

Fresh water
Red
735
733
735
736
737
736
733
736
734
735
734
734
736
733
735
734
733
734
734
738
734
734
736
734
735
734
734
736
734
735
735
734
734
736
736
734
735
734
737

G
878
892
873
887
896
890
897
893
891
897
881
895
878
882
883
878
897
893
897
881
886
883

B
1020
1020
1020
1020
1020
1020
1021
1020
1020
1020
1021
1021
1021
1020
1020
1020
1021
1020
1020
1021
1020
1020
1020
1020
1020
1021
1020
1021
1020
1020
1020
1021

6.03
Red
815
815
813
817
813
812
814
813
814
815
815
813
814
815
813
815
815
813
812
815
813

Green
589
568
588
578
565
590
587
591
579
575
583
587
591
576
590
579
587
592
584
591
585

Blue
172
177
178
174
178
173
171
178
175
178
174
177
177
173
177
174
178
176
176
178
175
178
175
175
177
176
178
177
175
175

Same sample
Red
820
820
822
819
822
820
822
821
821
821
819
820
820
820
819
820

Green
625
620
623
629
619
628
621
618
616
621
629
619
629
625
620
627
617
628
625
618
616
620

Blue
183
186
182
191
187
191
184
188
191
189
190
188
186
189
189
190
187
191
186
186
191
187
191
186
184
189
188
190
184
190
184
183
185
183
191
