6.6 0.00 317.85 668.70 493.65
6.6 0.00 318.50 669.75 499.70
6.8 0.00 314.50 642.50 506.90
6.8 0.10 315.75 646.70 514.70
6.95 0.05 312.50 571.35 412.35
6.95 0.00 313.65 620.60 501.05
6.95 0.05 311.95 621.80 508.30
6.95 0.05 313.50 603.65 470.05
6.95 0.00 313.55 619.90 512.40
6.95 0.05 287.85 574.95 465.15
6.95 0.00 313.30 601.15 482.95
7.35 0.00 310.95 526.00 527.00
7.35 0.00 310.95 507.70 500.80
7.6 0.00 310.55 404.65 497.25
7.6 0.10 310.80 447.25 540.75
7.6 0.10 310.65 408.00 494.60
7.9 0.05 305.55 353.25 514.40
7.9 0.05 282.25 315.60 493.05
